image: cleanroom_map.png
resolution: 0.05
origin: [-14.025000190734863, -0.4250000178813934, 0.0000]
negate: 0
occupied_thresh: 0.65
free_thresh: 0.196
